100
1375 15405
20040 28229
32189 11772
32580 32685
26297 10258
16957 23191
9428 3217
13160 2276
17392 234
29311 21388
14132 31616
3137 22812
32192 8957
13996 576
480 15785
23409 8308
21591 17504
21660 10485
15137 14874
22242 15315
22142 9221
5062 21051
25304 2807
14238 7079
5416 20239
7540 490
29800 9014
20780 28305
4509 11799
16844 162
12456 5151
9639 7878
1454 15279
4644 10862
30210 8186
3423 10698
26893 3097
24262 16564
18098 5645
32341 13129
18680 13446
2163 30009
16631 22736
26368 23985
14265 30025
20151 4440
21941 14705
28737 4783
21312 18455
9459 3319
29412 9154
25987 6317
25706 11740
30382 29987
9281 26277
3204 25084
10167 10316
28605 3894
17686 20043
20317 11951
7693 14821
15822 20431
30840 26547
15934 12951
391 31826
7871 15063
11295 32493
8855 2521
19420 10025
19631 12034
21039 21868
24380 10676
4688 253
11496 22571
13691 18970
7622 27006
28677 13826
27352 15094
8363 918
9408 29497
26935 17607
11143 18617
14400 14390
10058 2850
11171 30487
15951 26567
27303 16597
3126 28900
18338 2604
7999 7763
7704 1191
3809 31249
10043 27552
7806 5386
27559 26387
13275 19331
22714 26033
1842 10224
10623 11066
5327 27298
