100
12334 21951
1640 19677
16769 128
28100 28269
26940 31860
21851 29228
11592 27122
13635 31200
646 14134
15122 11917
15187 605
20621 29913
24694 30534
21871 8179
4772 2230
27620 1036
24175 19453
1180 8109
6992 13300
26206 23558
14834 18238
24082 4478
4615 2487
23974 21621
31946 25368
24423 6653
16765 10398
15211 30008
23551 20730
31529 25466
238 14819
3180 8338
25937 13082
5625 12495
2353 10689
21960 27529
8238 23080
4848 25659
2655 3380
22654 19584
6599 23995
15168 3555
17558 25747
6457 2386
32013 30972
9018 19008
21538 6424
4750 11255
25968 17082
30722 30188
4110 10469
26420 9540
17149 7936
17633 5706
23120 31333
5482 29771
5863 21556
15986 15177
15499 31164
22759 22899
10242 16662
7282 13243
31012 5617
16280 26710
21070 29689
5967 29983
2066 29461
15360 32073
27356 17529
5313 13704
12344 2017
32233 9485
10599 31682
12429 6988
30854 31892
12047 14929
24764 29972
5511 12255
946 25628
15928 1241
2068 5103
31629 16480
14808 27498
18443 6031
31747 31728
28941 22414
30562 24531
15886 10950
25652 24421
14241 31883
11352 31707
16893 32690
16223 13601
10885 15484
7052 16662
10952 2537
17772 28395
24574 29751
7393 6965
22587 19427
